numbers        merge_sort     merge time     quick_sort     quick_time     insertion_sort insertion_time Counting_sort  Counting_time  Radix_sort     Radix_time     
1              0              0              1              0              0              0              51105          1              121            0              
51             1451           0              930            0              1448           0              65549          0              1176           0              
101            3268           0              2375           0              5400           0              65931          0              2223           0              
151            4204           0              4393           0              12500          0              66023          0              3274           0              
201            5962           0              5308           0              19988          0              65823          0              4328           0              
251            6242           0              7465           0              32762          0              66389          0              5379           0              
301            8174           0              9880           0              46954          0              66675          1              6428           0              
351            10616          0              10186          0              60662          0              66919          0              7480           0              
401            13242          0              12234          0              79890          0              67135          1              8526           0              
451            11230          0              14271          0              106404         0              67055          0              9574           0              
501            13106          0              16036          1              129144         0              67249          0              10625          0              
551            15376          0              17389          0              152608         1              67709          0              11674          0              
601            17156          0              20438          0              185784         0              67785          1              12729          0              
651            19960          0              21416          0              210326         0              68065          1              13780          0              
701            23016          0              23237          0              249446         0              68241          1              14828          0              
751            25408          0              26225          0              285980         0              68483          1              15873          0              
801            28220          0              28525          0              324952         1              68739          0              16925          0              
851            22336          0              30840          0              364082         1              68825          0              17977          0              
901            24390          0              32712          1              406816         0              69099          1              19023          0              
951            26592          0              34627          0              452686         1              69261          0              20077          0              
1001           28598          0              35358          1              490802         1              69505          0              21126          1              
1051           30394          0              35384          0              566620         1              69675          0              22172          0              
1101           32594          1              40502          0              609326         1              69917          0              23230          0              
1151           34816          0              42474          1              688144         1              70107          0              24280          0              
1201           38510          1              42489          0              717752         1              70325          0              25326          1              
1251           41140          0              46353          0              772290         1              70539          1              26378          0              
1301           42588          0              56966          0              870340         2              70733          0              27432          0              
1351           45792          1              55978          0              918950         2              70925          0              28477          0              
1401           48580          0              50200          0              982856         2              71077          0              29525          0              
1451           51342          0              60470          1              1086236        2              71327          0              30576          0              
1501           54916          0              56586          1              1141556        2              71421          0              31627          0              
1551           57450          1              55491          0              1234026        2              71601          0              32679          1              
1601           60216          0              59629          0              1269880        2              71937          0              33726          0              
1651           53061          1              58578          0              1323258        4              72015          1              34777          0              
1701           47760          0              67967          1              1449872        4              72333          0              35824          1              
1751           49936          0              68001          0              1521230        4              72401          0              36875          0              
1801           51466          0              67700          0              1607906        5              72725          0              37926          0              
1851           53708          1              71419          0              1726888        3              72927          0              38977          1              
1901           57040          0              71998          0              1835624        4              73139          0              40025          0              
1951           59590          1              81174          0              1906454        4              73303          0              41081          0              
2001           60990          0              84791          1              1980618        3              73497          1              42127          0              
2051           63648          0              85171          1              2104162        3              73667          1              43181          0              
2101           66512          0              86470          1              2199836        4              73927          0              44228          0              
2151           67642          0              84005          0              2339170        5              74127          1              45274          0              
2201           69780          0              86365          1              2430584        4              74293          1              46327          0              
2251           72540          0              92411          1              2557488        7              74531          0              47382          0              
2301           74720          1              103694         0              2649444        6              74695          0              48427          1              
2351           78296          0              92686          1              2777650        8              74929          0              49478          0              
2401           80740          0              97794          0              2935452        9              75101          0              50526          1              
2451           82482          0              98219          0              2966556        9              75315          0              51582          1              
2501           85056          1              106707         0              3076406        9              75537          1              52634          0              
2551           87194          1              104349         0              3325900        9              75727          0              53676          0              
2601           90650          1              101254         0              3466130        10             75903          1              54726          0              
2651           94742          1              101429         0              3489114        9              76135          1              55777          0              
2701           97124          1              109998         0              3707622        7              76299          0              56827          1              
2751           99616          0              110160         0              3657192        7              76537          1              57876          0              
2801           103088         0              123513         1              3853324        7              76725          0              58932          1              
2851           106114         0              114647         1              4081808        10             76911          0              59976          1              
2901           109110         0              119668         1              4241038        7              77133          1              61033          0              
2951           112512         1              121250         0              4227262        9              77315          0              62077          0              
3001           114698         1              126684         1              4552376        8              77525          1              63132          0              
3051           116566         1              133364         0              4667386        11             77715          0              64180          1              
3101           119274         0              138333         1              4792402        9              77937          0              65227          1              
3151           121792         0              138253         1              4919860        9              78135          0              66280          1              
3201           126474         0              128464         1              5107396        10             78333          0              67327          1              
3251           131368         0              142220         1              5287686        10             78531          0              68380          1              
3301           112169         0              138824         1              5478958        11             78711          0              69430          1              
3351           100658         0              144420         1              5501460        11             78909          0              70476          1              
3401           102730         0              157231         1              5746136        14             79135          1              71528          0              
3451           104154         1              148773         1              5962998        12             79337          0              72578          1              
3501           106430         0              165794         1              6158428        12             79535          0              73627          1              
3551           109074         0              142650         1              6374396        12             79737          0              74683          1              
3601           111436         1              152282         0              6474272        18             79937          0              75727          1              
3651           113040         1              162777         0              6850468        15             80137          0              76776          1              
3701           115850         1              151659         1              6937712        16             80329          0              77827          1              
3751           117628         0              164551         1              7074108        16             80497          0              78882          1              
3801           120386         0              146537         1              7164978        13             80703          0              79926          1              
3851           123730         0              182687         1              7455566        13             80895          1              80979          0              
3901           125388         1              164400         0              7529262        14             81121          0              82028          1              
3951           127316         1              166422         0              8027126        14             81335          0              83081          1              
4001           129666         0              168639         1              8020702        14             81525          0              84125          1              
4051           133210         0              192510         1              8155326        14             81731          0              85179          1              
4101           134492         0              178028         1              8501568        15             81933          0              86227          0              
4151           137604         0              202167         1              8607438        15             82127          0              87282          0              
4201           138782         1              187617         1              8768436        15             82335          0              88329          1              
4251           141400         0              178639         1              9178302        16             82537          0              89380          1              
4301           144550         1              185932         0              9293478        16             82739          1              90435          0              
4351           146016         1              172544         1              9409646        16             82931          0              91478          1              
4401           147766         0              177698         1              9720320        17             83133          0              92532          1              
4451           151712         0              206683         1              9935780        17             83303          1              93589          0              
4501           153364         1              193391         1              10201644       18             83539          1              94632          1              
4551           158180         1              204965         0              10287654       18             83733          1              95682          0              
4601           159144         1              200967         1              10650202       18             83931          1              96729          0              
4651           163028         1              196221         1              10762072       19             84111          0              97779          1              
4701           164880         0              200754         1              11197586       20             84327          1              98831          0              
4751           167236         1              224295         1              11255838       21             84537          1              99879          0              
4801           169876         1              197121         1              11501606       20             84729          0              100927         1              
4851           172618         1              195894         1              11831784       20             84939          1              101980         0              
4901           177052         1              213633         1              12008788       21             85103          0              103026         1              
4951           179972         1              209979         1              12257536       21             85333          0              104079         1              
5001           180454         1              226461         1              12383204       21             85533          1              105129         0              
5051           185282         1              246888         1              12752630       23             85739          0              106181         1              
5101           186584         1              240198         1              13043050       24             85933          0              107231         1              
5151           188236         0              235695         1              13544540       29             86133          0              108276         1              
5201           193936         1              245019         1              13424924       23             86337          1              109331         0              
5251           194752         1              225822         1              13804572       24             86535          0              110380         1              
5301           196830         1              279453         1              14133652       26             86729          0              111431         1              
5351           203716         1              229433         1              14347854       26             86939          0              112484         1              
5401           202854         1              225499         1              14645376       25             87139          1              113529         0              
5451           206780         0              228746         1              14784002       27             87319          1              114578         0              
5501           209482         1              242329         1              15097898       27             87539          0              115624         1              
5551           212572         1              231752         1              15539580       27             87729          0              116679         1              
5601           215320         1              248951         1              15711546       27             87935          1              117729         0              
5651           219460         1              270654         1              15953996       28             88133          0              118782         1              
5701           223804         1              248105         1              16055200       29             88325          0              119830         1              
5751           225460         1              274418         1              16403474       28             88521          0              120880         1              
5801           228902         1              241107         1              16734844       33             88737          0              121924         1              
5851           229974         1              290828         1              17120918       30             88905          0              122984         1              
5901           234872         1              282855         1              17384978       31             89119          1              124025         0              
5951           235032         0              257292         2              17521668       30             89327          0              125075         1              
6001           239918         1              284603         1              18030016       32             89535          0              126126         1              
6051           242204         1              254991         1              18506924       34             89737          1              127180         1              
6101           246754         1              274010         1              18523936       33             89937          1              128224         1              
6151           250898         1              324583         1              18861192       34             90135          0              129279         1              
6201           254314         1              266574         1              19292474       34             90339          1              130327         1              
6251           260078         1              267715         1              19562510       35             90511          0              131382         1              
6301           258426         1              294335         1              19885032       36             90723          0              132431         1              
6351           263488         1              271161         2              19970324       35             90939          0              133480         1              
6401           266762         1              311256         1              20299292       36             91129          0              134528         1              
6451           268878         1              294265         1              20517526       35             91311          1              135582         1              
6501           273524         1              290131         1              21029772       36             91539          0              136628         1              
6551           265717         1              293264         1              21476652       38             91739          0              137678         1              
6601           237917         1              309395         1              22022096       38             91919          1              138727         1              
6651           215529         1              311122         1              22194066       38             92135          1              139788         0              
6701           213856         1              291263         1              22580306       40             92325          0              140829         1              
6751           215572         1              291613         2              22639046       38             92539          1              141879         1              
6801           218782         1              306709         1              23220174       41             92733          0              142929         1              
6851           219992         1              302702         2              23209948       42             92939          0              143977         1              
6901           222898         1              319804         1              23541786       41             93135          1              145034         1              
6951           225630         1              302939         1              23979154       44             93339          0              146079         1              
7001           227690         1              300413         1              24402966       45             93537          0              147132         1              
7051           229650         1              337471         2              24952590       45             93735          0              148180         1              
7101           232886         1              300985         2              25642052       57             93917          0              149228         1              
