numbers        merge_sort     merge time     quick_sort     quick_time     insertion_sort insertion_time 
1              0              0              1              0              0              0              
51             1631           0              1341           0              1628           0              
101            4613           0              3795           0              7214           0              
151            8397           0              8455           0              19748          0              
201            14815          0              14436          0              39838          0              
251            20749          0              22482          0              70836          0              
301            29013          0              31291          0              117472         0              
351            39715          0              41613          0              178816         0              
401            53115          0              54411          0              257520         0              
451            64043          0              68866          0              360554         1              
501            77295          0              86124          0              489318         0              
551            92375          0              105177         0              639836         0              
601            110067         0              125693         0              818574         1              
651            129865         0              148995         0              1031274        0              
701            152575         0              172171         0              1286662        0              
751            178227         0              202256         0              1578550        1              
801            207845         0              231585         1              1903878        0              
851            230033         0              261033         0              2257026        1              
901            254483         0              292105         0              2667188        1              
951            280737         0              325811         0              3101722        1              
1001           309163         0              363054         1              3589940        1              
1051           339691         0              400187         1              4139156        1              
1101           373167         0              440893         0              4737794        2              
1151           408167         0              481486         0              5411898        2              
1201           445963         0              523670         1              6120650        2              
1251           486723         0              568919         0              6894100        2              
1301           530097         1              620965         0              7740682        2              
1351           576061         1              675450         0              8643342        1              
1401           624519         1              730151         0              9622814        2              
1451           677043         0              788889         0              10663838       2              
1501           731873         0              846942         1              11769810       2              
1551           789279         0              900958         0              12966442       3              
1601           849387         1              962536         0              14283936       2              
1651           902632         0              1029219        0              15654136       3              
1701           950690         0              1100711        0              17103840       3              
1751           1000928        0              1169150        0              18671728       3              
1801           1053144        1              1238288        0              20316182       4              
1851           1106932        0              1312834        1              22002814       5              
1901           1163170        0              1384489        1              23815036       5              
1951           1221598        1              1464077        0              25722148       6              
2001           1282846        0              1548022        1              27717296       6              
2051           1346108        1              1625399        0              29840110       6              
2101           1410850        1              1709768        0              32111816       7              
2151           1478046        1              1797541        0              34463516       7              
2201           1547984        1              1892598        0              36914678       7              
2251           1621858        0              1987025        1              39421492       4              
2301           1697026        1              2074852        0              42094984       5              
2351           1775264        0              2165569        1              44879316       7              
2401           1856540        1              2260943        0              47778658       6              
2451           1939786        0              2359644        1              50850384       6              
2501           2026116        0              2459364        0              54003366       6              
2551           2114878        1              2558594        0              57319232       6              
2601           2206334        1              2661117        0              60616948       6              
2651           2300178        1              2770060        0              64204060       7              
2701           2397568        1              2887082        0              67844966       8              
2751           2497474        1              3000539        0              71666512       9              
2801           2598486        0              3112424        1              75643506       7              
2851           2704810        1              3229908        0              79698228       8              
2901           2813390        1              3346195        0              83934492       8              
2951           2924276        1              3473074        0              88282492       10             
3001           3037136        1              3599612        0              92747512       10             
3051           3154140        1              3720475        0              97399638       9              
3101           3275478        0              3852865        1              102271552      10             
3151           3397524        0              3985029        1              107184864      9              
3201           3525554        1              4121050        1              112261866      9              
3251           3654622        1              4250642        0              117521998      10             
3301           3767103        1              4388867        0              122978738      11             
3351           3867367        1              4536876        1              128631016      11             
3401           3970003        0              4679202        1              134480858      12             
3451           4074715        0              4819842        1              140432260      11             
3501           4181179        1              4977952        0              146528462      12             
3551           4289609        1              5134504        0              152875710      11             
3601           4401435        1              5289880        0              159303730      11             
3651           4515013        1              5440137        1              166014082      11             
3701           4630829        0              5600901        1              172758088      12             
3751           4748497        0              5773943        1              179839156      17             
3801           4869193        1              5930986        1              187095854      13             
3851           4991755        0              6090778        1              194591290      15             
3901           5117407        0              6248404        1              202160860      15             
3951           5245327        1              6417779        1              210135026      16             
4001           5375271        0              6596250        1              218128140      16             
4051           5507455        0              6764373        1              226231162      15             
4101           5641819        1              6932284        1              234731012      18             
4151           5779357        1              7113937        1              243373696      16             
4201           5918117        1              7321396        1              252238562      19             
4251           6059297        1              7505746        1              261204874      16             
4301           6205261        0              7688163        1              270414014      21             
4351           6352375        0              7910336        2              279840300      21             
4401           6503057        0              8095765        1              289541372      25             
4451           6654565        0              8284389        1              299444380      19             
4501           6809515        0              8475409        1              309674818      23             
4551           6967209        1              8658894        0              319946976      19             
4601           7126839        1              8848606        1              330422554      18             
4651           7290289        1              9051053        1              341248138      18             
4701           7454403        1              9256196        1              352326700      19             
4751           7622171        0              9461945        1              363668758      21             
4801           7791157        1              9668633        0              375217968      21             
4851           7964651        1              9895914        1              386893296      21             
4901           8141291        1              10115587       0              398882456      21             
4951           8321505        1              10340824       1              411122420      21             
5001           8503949        1              10545082       1              423643420      21             
5051           8687593        0              10775960       1              436595276      22             
5101           8874505        1              11003670       1              449718588      23             
5151           9062549        0              11218880       1              463037328      23             
5201           9254659        1              11453515       1              476506652      23             
5251           9449307        0              11675478       1              490216334      24             
5301           9647171        1              11903424       1              504384946      32             
5351           9848043        1              12134130       3              518761008      31             
5401           10053021       1              12381471       1              533349946      41             
5451           10258871       0              12619110       1              548313958      26             
5501           10468783       1              12862169       1              563560152      27             
5551           10680909       0              13104273       1              578812452      27             
5601           10896589       1              13350102       1              594563884      27             
5651           11116419       1              13611509       1              610453480      27             
5701           11340111       1              13866610       1              626631792      29             
5751           11565695       1              14119229       1              643231364      31             
5801           11792739       1              14376902       1              660107038      28             
5851           12023415       0              14636725       2              677111926      28             
5901           12255743       0              14885726       1              694459636      30             
5951           12494673       1              15152253       1              712320808      32             
6001           12736041       1              15408849       1              730114700      31             
6051           12980187       1              15671717       1              748321730      32             
6101           13227633       1              15950359       1              767226320      33             
6151           13477935       1              16229896       1              786143630      32             
6201           13732637       1              16506601       1              805203966      32             
6251           13990627       0              16792014       1              824733264      34             
6301           14251155       1              17059126       1              844551580      35             
6351           14515269       1              17338502       1              864657836      37             
6401           14784455       0              17614256       2              885149480      36             
6451           15055429       1              17876232       1              906364860      37             
6501           15327673       1              18162657       1              927755406      38             
6551           15591876       1              18460239       2              949152768      37             
6601           15830697       1              18755165       1              971083818      38             
6651           16044140       1              19058987       1              992909742      56             
6701           16257346       1              19405722       2              1015333856     46             
6751           16474250       1              19746240       2              1038087418     40             
6801           16692836       1              20056751       2              1061332384     40             
6851           16912222       1              20359083       1              1084588404     40             
6901           17136012       1              20662971       1              1108446222     41             
6951           17360790       1              20964824       1              1132832692     42             
7001           17587558       1              21282944       1              1157551310     45             
7051           17817976       1              21642475       2              1182649126     49             
7101           18050930       3              21982047       3              1208021746     58             
7151           18284802       1              22314069       2              1233702994     45             
7201           18521288       1              22661188       2              1259455804     45             
7251           18758302       1              23002989       2              1285476076     55             
7301           18997818       2              23379895       3              1311947882     60             
7351           19242066       1              23730004       2              1338835394     45             
7401           19488184       1              24067634       2              1365906860     46             
7451           19736430       2              24429699       1              1393651140     48             
7501           19985980       1              24758220       2              1421942080     48             
7551           20238866       1              25099058       1              1450402282     48             
7601           20494328       2              25470442       1              1479306906     51             
7651           20751814       1              25828356       2              1508830418     50             
7701           21010990       1              26192361       1              1538788386     53             
7751           21274942       1              26543272       2              1568887158     52             
7801           21539994       1              26913163       2              1599142756     52             
7851           21807506       1              27292472       2              1630328184     54             
7901           22076668       1              27624848       2              1661867874     53             
7951           22348258       1              27981151       1              1693798952     55             
8001           22623206       1              28352253       1              1725596484     55             
8051           22900582       1              28748351       1              1758248048     55             
8101           23181678       1              29121160       2              1790963954     56             
8151           23462714       1              29535989       1              1824065180     70             
